Mass [GeV]	Decay width [GeV] for S0	(values are the same for A)
-----------------------------------------------------------------
rtc=0.1, rtu =0

200	0.00808407
250	0.0413773
300	0.0806781
350	0.120173
400	0.158606
450	0.195828
500	0.231964
550	0.267187
600	0.301658
650	0.335511
700	0.368854
750	0.401774
800	0.434341
850	0.46661
900	0.498625
950	0.530425
1000  0.562038

---------------------
rtc=0.4, rtu=0

200	0.12934508621581797
250	0.6620367149982869
300	1.2908503997418217
350	1.922771826658552
400	2.537695807588128
450	3.1332454135298784
500	3.7114205206577124
550	4.274993296127559
600	4.826529926450234
650	5.368176477386871
700	5.901667474368654
750	6.428390460485142
800	6.949455137894594
850	7.465752857356995
900	7.978004202103315
950	8.486795980248855
1000 8.992609692246806

-----------------------
rtc=0.8,	rtu=0

200 0.51738
250 2.64815
300 5.1634
350 7.69109
400 10.1508
450 12.533
500 14.8457
550 17.1
600 19.3061
650 21.4727
700 23.6067
750 25.7136
800 27.7978
850 29.863
900 31.912
950 33.9472
1000 35.9704

-----------------------
rtc=1,	rtu=0

200 0.808407
250 4.13773
300 8.06781
350 12.0173
400 15.8606
450 19.5828
500 23.1964
550 26.7187
600 30.1658
650 33.5511
700 36.8854
750 40.1774
800 43.4341
850 46.661
900 49.8625
950 53.0425
1000 56.2038

-----------------------
rtc=0,	rtu=0.1

200 0.008094
250 0.0413852
300 0.0806848
350 0.120179
400 0.158611
450 0.195832
500 0.231968
550 0.267191
600 0.301661
650 0.335514
700 0.368857
750 0.401777
800 0.434343
850 0.466612
900 0.498627
950 0.530427
1000 0.56204

-----------------------
rtc=0,	rtu=0.4
200 0.129504
250 0.662164
300 1.29096
350 1.92286
400 2.53778
450 3.13332
500 3.71148
550 4.27505
600 4.82658
650 5.36823
700 5.90171
750 6.42843
800 6.94949
850 7.46579
900 7.97804
950 8.48683
1000 8.99264

-----------------------
rtc=0,	rtu=0.8

200 0.518016
250 2.64866
300 5.16383
350 7.69145
400 10.1511
450 12.5333
500 14.8459
550 17.1002
600 19.3063
650 21.4729
700 23.6069
750 25.7137
800 27.798
850 29.8632
900 31.9122
950 33.9473
1000 35.9706

-----------------------
rtc=0,	rtu=1

200 0.8094
250 4.13852
300 8.06848
350 12.0179
400 15.8611
450 19.5832
500 23.1968
550 26.7191
600 30.1661
650 33.5514
700 36.8857
750 40.1777
800 43.4343
850 46.6612
900 49.8627
950 53.0427
1000 56.204
